Mean: 241.91228070175438
Median: 239.0
Mode: 393.0
Variance: 21139.286255840605
Standard Deviation: 145.21124470416447
Time Elapsed: 0.0 seconds
