Mean: 2.4746739549971625e+20
Median: 2.4664097307429e+20
Mode: 1.57638329490099e+20
Variance: 2.0912431153806367e+40
Standard Deviation: 1.446056470098472e+20
Time Elapsed: 0.0 seconds
